# maturity time: 1.000000
# model size: 1
# number of dates: 365
# spot: 100.000000
# dividend rate: 0.000000
# correlation: 0.000000
# volatility: 0.200000
100.000000
100.697076
100.618270
101.553051
103.070849
104.089929
104.441498
102.951681
104.654739
105.205890
106.054185
107.333072
108.010316
108.895782
107.236706
106.955045
106.852436
108.613855
108.970574
108.742632
107.899925
107.507250
106.795134
108.016472
107.372367
106.615722
107.450143
108.663972
108.369907
109.421740
109.977834
111.114177
111.067560
112.763756
112.377463
109.812581
106.861261
107.428286
106.922486
107.036566
107.240087
106.283278
105.971991
106.527589
105.324431
105.111133
103.425161
103.803896
103.536722
104.728355
103.894614
103.911543
103.956047
102.572279
104.185229
102.960574
104.106883
104.989122
107.058584
106.109425
106.370184
106.205021
106.433184
106.481398
105.882995
106.348964
106.936590
105.603254
107.128792
107.700293
107.685385
107.914444
107.759225
107.834296
108.863015
108.095789
107.589802
108.969398
106.471273
106.624845
106.880413
106.225095
104.849623
107.314811
106.521988
104.775149
103.825987
105.437590
106.492994
106.628009
106.987342
108.014298
107.938092
107.787955
107.104987
109.955213
110.090884
112.037144
112.891309
112.416790
112.470842
113.114279
111.597764
114.496893
115.149856
114.858949
113.689564
113.004119
112.284742
111.986778
109.809267
108.163039
108.725398
109.079195
108.768728
108.855237
110.461742
110.501939
111.692022
112.884412
115.337280
115.084565
115.990535
116.258404
117.195500
118.418935
118.442375
118.103813
118.270519
119.133008
120.325536
118.747863
117.813083
118.795959
118.411443
117.956402
119.038056
121.024084
121.100148
119.242267
119.602529
119.251637
120.889694
120.582631
122.971384
121.211038
119.984810
121.372535
121.135473
120.655664
122.499963
122.285799
121.014234
120.976638
122.907357
122.577164
123.941210
123.242463
123.806637
127.232950
127.432510
126.032288
125.865314
126.436712
126.145871
127.975371
127.926923
127.040223
129.183766
130.819049
128.857223
129.830292
132.430905
133.562409
133.953446
133.519388
133.971234
134.399073
135.978416
136.180884
135.991848
134.773449
133.670850
131.574856
132.028881
131.308366
132.538318
134.135590
135.118798
135.293928
133.321961
131.824307
135.837530
136.535062
135.313977
135.179274
135.162958
134.100231
134.392611
135.487311
135.385125
134.765208
134.787329
135.449109
134.412124
136.816125
138.226257
137.930175
138.128852
138.882269
139.096896
138.503419
137.205705
137.320370
135.953204
136.553788
137.057242
136.882017
138.298843
136.152440
135.981455
133.665684
134.195124
135.534159
133.490228
132.945834
131.812248
132.650261
134.218854
134.118809
133.765055
132.010483
130.691104
131.134311
130.767142
132.668977
132.905393
133.178477
133.523618
131.931747
130.679075
131.674795
130.911819
129.741927
129.449214
131.990214
134.787463
135.004318
134.076832
130.981189
133.373912
132.480946
131.668079
130.704321
131.368464
133.624521
133.777445
132.178694
132.394947
133.865863
132.785129
134.868751
134.065628
133.864381
133.030988
131.759097
133.571033
134.956676
135.419828
137.163208
137.351622
139.652114
139.694602
142.051185
141.610475
140.658706
139.739225
138.691509
138.997373
139.616281
139.137993
138.912229
140.227719
141.628746
139.004350
137.448594
138.682379
138.078599
137.830172
136.814839
136.663601
137.111107
139.517540
140.114864
140.251346
140.049275
139.126024
139.565041
138.180077
140.038595
140.421547
140.115791
139.993072
140.101862
138.723232
141.056753
142.508325
144.991466
141.356177
140.187841
138.268102
137.716144
135.927734
136.418299
137.991214
138.377578
139.340837
137.226483
138.558647
138.522131
137.252548
135.913285
134.170740
134.546064
134.419289
134.815553
135.318179
134.815504
136.187774
135.133629
132.796241
133.707803
133.016322
132.220154
134.329677
135.269100
136.731162
136.185280
135.833717
135.889395
135.764740
134.596104
138.119525
137.739608
137.763744
139.608134
142.904595
143.640658
143.520662
143.644638
144.446263
143.079055
142.199751
142.317747
140.963857
138.404317
137.994548
139.083603
138.856511
135.848314
135.507159
137.201224
137.553901
134.618276
135.394924
134.268360
